SVC Model:
    Accuracy: 0.9861111111111112
    Precision: 0.9861882716049383
    Recall: 0.9861111111111112
    F1-Score: 0.9861071324368055